=== BCKM data summary ===
T            = 140 quarters
time range   = 1980.25 to 2015

--- Raw obs means ---
mean(ypc)    = 15733.44216
mean(xpc)    = 4415.297975
mean(hpc)    = 0.2427930951
mean(gpc)    = 1906.41904
mean(cpc)    = 9411.725149

--- Ratios (BCKM convention) ---
mean(g)/mean(y) = 0.121170
mean(x)/mean(y) = 0.280631
mean(c)/mean(y) = 0.598199
mean(h)         = 0.242793

--- Calibration params (worktemp.params) ---
gn    = 0.0024511032
gz    = 0.004725592524
beta  = 0.9936905368
delta = 0.0127414551
psi   = 2.5
sigma = 1.000001
theta = 0.3333333333
adjc  = 2

--- MLE solution (if present) ---
mle.Theta        (size 30x1) = [0.133605;0.369144;-0.0460083;-1.93552;0.988692;0.0306875;-0.00885811;-0.0407158;-0.0011749;1.00106;-0.0275264;0.0174932;-0.00449176;0.0448986;0.967506;-0.0425751;0.00632591;0.00165897;0.00156723;0.994461;0.00768662;0.00237971;-0.00411471;0.000332668;0.00425474;0.00229478;0.0153005;0.00884692;0.0121407;0.0139378]
mle.sbar        .estimate (size 4x1) = [0.133605;0.369144;-0.0460083;-1.93552]
mle.P           .estimate (size 4x4) = [0.988692 -0.0011749 -0.00449176 0.00632591;0.0306875 1.00106 0.0448986 0.00165897;-0.00885811 -0.0275264 0.967506 0.00156723;-0.0407158 0.0174932 -0.0425751 0.994461]
mle.Q           .estimate (size 4x4) = [0.00768662 0.00237971 -0.00411471 0.000332668;0.00237971 0.00425474 0.00229478 0.0153005;-0.00411471 0.00229478 0.00884692 0.0121407;0.000332668 0.0153005 0.0121407 0.0139378]
mle.P0           (size 4x1) = [0.0139818;0.000786513;0.0128831;-0.0136969]
mle.Likelihood   = -2402.876124
mle.obs          (size 140x5) = [1.02849 0.314005 0.231798 0.13859 0.575893;1.00521 0.287609 0.228459 0.147868 0.569738;0.998841 0.276272 0.227214 0.152702 0.569867;1.01087 0.290666 0.227605 0.14972 0.570488;1.02535 0.308945 0.228488 0.148013 0.568393;1.01533 0.297875 0.228966 0.149423 0.568035;1.02252 0.307652 0.227473 0.149945 0.564921;1.00868 0.296368 0.225817 0.149848 0.562461;0.990087 0.277949 0.224186 0.14994 0.562198;0.992399 0.278106 0.223748 0.153236 0.561057;0.986669 0.274527 0.222984 0.147175 0.564967;0.98505 0.263764 0.221951 0.149849 0.571437;0.994465 0.266907 0.222263 0.152549 0.575009;1.01214 0.283434 0.224279 0.148052 0.580653;1.02762 0.295195 0.228253 0.144238 0.588184;1.04458 0.314801 0.230616 0.138038 0.591738;1.06146 0.33393 0.233162 0.134305 0.59322;1.07672 0.341488 0.236131 0.135398 0.599831;1.08465 0.344308 0.236547 0.136437 0.603904;1.09059 0.3449 0.237351 0.137012 0.608673;1.09852 0.338662 0.238094 0.143454 0.616408;1.10599 0.34389 0.237634 0.139699 0.622401;1.12005 0.347152 0.237573 0.14236 0.63054;1.12657 0.350427 0.238493 0.140114 0.636032;1.13486 0.351293 0.2391 0.142301 0.641265;1.13854 0.352241 0.239505 0.14451 0.641791;1.14829 0.356906 0.240753 0.14501 0.646373;1.15362 0.353988 0.241621 0.146464 0.653163;1.16057 0.353764 0.243117 0.145384 0.661426;1.17128 0.357544 0.244962 0.14532 0.668411;1.18008 0.360605 0.246206 0.145684 0.673793;1.19732 0.370592 0.2473 0.148474 0.678257;1.20267 0.361824 0.248088 0.153744 0.687097;1.21717 0.365341 0.249064 0.157934 0.693893;1.22341 0.361782 0.250377 0.159107 0.702517;1.23765 0.367041 0.252032 0.160959 0.709655;1.24841 0.371845 0.254365 0.162489 0.714079;1.25526 0.368529 0.25503 0.168624 0.718107;1.26145 0.368057 0.255151 0.172172 0.72122;1.26143 0.362044 0.254818 0.172071 0.727314;1.27104 0.367015 0.256091 0.173348 0.730681;1.27279 0.360248 0.254294 0.177759 0.734782;1.26973 0.35282 0.252137 0.17643 0.740476;1.25616 0.337235 0.249993 0.178791 0.740133;1.24664 0.325638 0.247596 0.187104 0.733899;1.25134 0.324308 0.246537 0.190886 0.736147;1.25268 0.326702 0.245598 0.19036 0.735617;1.25366 0.328598 0.244928 0.189274 0.735785;1.26314 0.326376 0.244871 0.191272 0.745493;1.27215 0.334302 0.245185 0.189883 0.747963;1.27979 0.335144 0.245357 0.191155 0.75349;1.28794 0.33969 0.245065 0.18906 0.759185;1.28659 0.341685 0.245703 0.184891 0.760011;1.28958 0.344732 0.246694 0.182678 0.762171;1.29146 0.343 0.247648 0.182201 0.766259;1.3033 0.353611 0.24824 0.181192 0.768497;1.3111 0.359941 0.249361 0.179119 0.77204;1.32437 0.370952 0.250027 0.177883 0.775536;1.32837 0.369283 0.25082 0.178736 0.780355;1.33907 0.379011 0.252779 0.176557 0.783501;1.34036 0.378247 0.253245 0.176305 0.785811;1.34147 0.373105 0.252153 0.176157 0.792209;1.3487 0.371922 0.251889 0.181509 0.79527;1.3541 0.376144 0.251333 0.180185 0.797774;1.35869 0.378287 0.250356 0.177254 0.803145;1.37644 0.38895 0.250531 0.17781 0.809685;1.38414 0.396613 0.2513 0.174003 0.813524;1.39349 0.396191 0.251763 0.179123 0.818171;1.39921 0.402249 0.252883 0.175343 0.821617;1.4146 0.409052 0.254241 0.181254 0.824292;1.42695 0.415843 0.255069 0.179124 0.831978;1.4332 0.417521 0.255525 0.177479 0.838202;1.44241 0.425672 0.25498 0.173101 0.843634;1.45144 0.427105 0.254736 0.171909 0.852423;1.46534 0.435579 0.254126 0.170201 0.85956;1.4839 0.446956 0.25447 0.172324 0.864617;1.49157 0.451597 0.255021 0.169038 0.870933;1.49943 0.454011 0.254927 0.165296 0.880119;1.5136 0.460884 0.255 0.164082 0.888638;1.53461 0.468508 0.255514 0.164471 0.901628;1.53556 0.469895 0.258756 0.155283 0.910378;1.55951 0.481212 0.257749 0.158101 0.920201;1.55821 0.476542 0.255408 0.153924 0.927748;1.56325 0.474535 0.254741 0.153433 0.935285;1.55603 0.459152 0.253572 0.158798 0.938079;1.56016 0.456267 0.251126 0.165502 0.93839;1.55213 0.447797 0.249515 0.166477 0.937853;1.55269 0.443899 0.247871 0.169051 0.939737;1.56326 0.449161 0.247141 0.170963 0.943139;1.56816 0.449795 0.246728 0.168011 0.950355;1.57207 0.451081 0.246487 0.167244 0.953742;1.5699 0.44668 0.245065 0.163108 0.960114;1.57365 0.445051 0.245183 0.163438 0.965161;1.58289 0.448609 0.244597 0.166886 0.967398;1.60311 0.460726 0.243627 0.166068 0.976316;1.6164 0.468608 0.244276 0.166622 0.981168;1.62097 0.468387 0.24421 0.165712 0.986869;1.62774 0.478914 0.244241 0.159538 0.989292;1.63709 0.483413 0.244544 0.158248 0.995431;1.64582 0.489548 0.244509 0.153058 1.00321;1.65762 0.496467 0.244203 0.156981 1.00417;1.66154 0.495613 0.245311 0.155849 1.01008;1.67054 0.498292 0.245946 0.15393 1.01832;1.67551 0.503525 0.245886 0.147003 1.02498;1.68985 0.511019 0.246857 0.151914 1.02692;1.69129 0.506989 0.247267 0.15204 1.03226;1.68952 0.502313 0.247365 0.150455 1.03676;1.69866 0.496502 0.248432 0.162474 1.03968;1.6969 0.491045 0.248582 0.163298 1.04256;1.70608 0.494525 0.247538 0.165143 1.04642;1.71398 0.491646 0.247231 0.170544 1.05179;1.71698 0.484171 0.24731 0.174432 1.05838;1.70358 0.46801 0.246757 0.172691 1.06288;1.70844 0.462232 0.245375 0.17543 1.07078;1.69797 0.449519 0.24307 0.178824 1.06963;1.66193 0.418481 0.239701 0.195872 1.04758;1.63706 0.386391 0.2336 0.216716 1.03395;1.63041 0.370701 0.230463 0.226854 1.03285;1.63064 0.369936 0.228189 0.22243 1.03828;1.64078 0.380763 0.226114 0.219588 1.04043;1.64279 0.385465 0.226725 0.215405 1.04192;1.65281 0.398462 0.227922 0.213094 1.04126;1.65907 0.405057 0.228304 0.211354 1.04265;1.66529 0.403772 0.228135 0.212638 1.04888;1.65694 0.397488 0.228601 0.204075 1.05538;1.66668 0.403391 0.228715 0.202885 1.06041;1.6687 0.403275 0.229141 0.202488 1.06294;1.68476 0.422031 0.230344 0.19775 1.06498;1.69374 0.427552 0.232241 0.197395 1.0688;1.69953 0.432857 0.232689 0.198598 1.06807;1.69969 0.429743 0.233063 0.202941 1.06701;1.69828 0.426995 0.234159 0.202062 1.06922;1.704 0.431884 0.23391 0.19961 1.07251;1.70673 0.434436 0.234317 0.198306 1.07399;1.71676 0.441513 0.234648 0.198199 1.07705;1.73029 0.443291 0.234251 0.202534 1.08447;1.72554 0.440527 0.236161 0.196849 1.08816;1.74269 0.451295 0.23702 0.196549 1.09485;1.7596 0.45763 0.238018 0.200172 1.1018;1.7686 0.461519 0.239563 0.195253 1.11183]
mle.params       (size 7x1) = [0.0024511;0.00472559;0.993691;0.0127415;2.5;1;0.333333]
